osu!.exe=10195.246767999999
Cyberpunk2077.exe=6986.224047
csgo.exe=190.390991
